[Sound]
master=0.500000
effect=0.776000
