[Sound]
master=0.022026
effect=0.088106
