[Sound]
master=0.052863
effect=0.079295
