[Sound]
master=0.893333
effect=0.776000
