[Sound]
master=0.000000
effect=0.000000
